400.0,-7.466918893507139E-7
399.0,-2.9775905485710054E-8
398.0,-4.0409260778624975E-7
397.0,-4.6999281894893535E-8
396.0,-3.28640200572907E-7
395.0,-6.191154570126737E-8
394.0,-2.97461699774342E-7
393.0,-7.617824903638509E-8
392.0,-2.83115686013346E-7
391.0,-9.044186994623251E-8
390.0,-2.7751821057042373E-7
389.0,-1.0504952570285408E-7
388.0,-2.773835283463992E-7
387.0,-1.2023169579163595E-7
386.0,-2.8112794376595885E-7
385.0,-1.3616514868853771E-7
384.0,-2.879096193342792E-7
383.0,-1.530002551625341E-7
382.0,-2.972581224283977E-7
381.0,-1.7087468195314453E-7
380.0,-3.0890917971739304E-7
379.0,-1.8992107017101853E-7
378.0,-3.227229189359247E-7
377.0,-2.1027177337666014E-7
376.0,-3.3864018509743156E-7
375.0,-2.3206204984984898E-7
374.0,-3.5665781527527987E-7
373.0,-2.554324001809883E-7
372.0,-3.7681404213864616E-7
371.0,-2.805304182819006E-7
370.0,-3.991796347625047E-7
369.0,-3.0751236422051087E-7
368.0,-4.2385245710073296E-7
367.0,-3.3654458348759734E-7
366.0,-4.5095415633905425E-7
365.0,-3.6780485113578025E-7
364.0,-4.806282359013429E-7
363.0,-4.014836927650066E-7
362.0,-5.130390667269564E-7
361.0,-4.3778571867693977E-7
360.0,-5.483715618166414E-7
359.0,-4.769309980392108E-7
358.0,-5.868313408990593E-7
357.0,-5.191564940976561E-7
356.0,-6.286452745731529E-7
355.0,-5.647175779206389E-7
354.0,-6.740623367949035E-7
353.0,-6.13889636026502E-7
352.0,-7.233547202716872E-7
351.0,-6.669697860508269E-7
350.0,-7.768191865045133E-7
349.0,-7.242787140499983E-7
348.0,-8.347786340332299E-7
347.0,-7.861626469240861E-7
346.0,-8.975838768158206E-7
345.0,-8.529954736555269E-7
344.0,-9.65615630811752E-7
343.0,-9.251810295268391E-7
341.99999999999994,-1.039286711505604E-6
340.99999999999994,-1.0031555581497585E-6
339.99999999999994,-1.119044448800999E-6
338.99999999999994,-1.0873903669812347E-6
337.99999999999994,-1.2053733287657607E-6
336.99999999999994,-1.178394692999154E-6
335.99999999999994,-1.29879787434406E-6
334.99999999999994,-1.276718796351098E-6
333.99999999999994,-1.399885779522922E-6
332.99999999999994,-1.3829573010710872E-6
331.99999999999994,-1.509251313661561E-6
330.99999999999994,-1.497752803377127E-6
329.99999999999994,-1.6275590148408192E-6
328.99999999999994,-1.6217997696238503E-6
327.99999999999994,-1.7555276932263549E-6
326.99999999999994,-1.7558487476911152E-6
325.99999999999994,-1.8939347676107461E-6
324.99999999999994,-1.9007109174499212E-6
323.99999999999994,-2.0436209605407213E-6
322.99999999999994,-2.0572630079703312E-6
321.99999999999994,-2.2054953797799972E-6
320.99999999999994,-2.2264526113315024E-6
319.99999999999994,-2.3805410163304115E-6
318.99999999999994,-2.4093039252750355E-6
317.99999999999994,-2.5698206918587103E-6
316.99999999999994,-2.6069239595216026E-6
315.99999999999994,-2.774483491177223E-6
314.99999999999994,-2.8205092433617336E-6
313.99999999999994,-2.9957717184252274E-6
312.99999999999994,-3.0513530751536224E-6
311.99999999999994,-3.2350284188150192E-6
310.99999999999994,-3.3008533576274487E-6
309.99999999999994,-3.493705511266636E-6
308.99999999999994,-3.570521066428943E-6
307.99999999999994,-3.7733725809792707E-6
306.99999999999994,-3.861989403156976E-6
305.99999999999994,-4.075726385001727E-6
304.99999999999994,-4.177023688278172E-6
303.99999999999994,-4.4026011281922865E-6
302.99999999999994,-4.5175320537678265E-6
301.99999999999994,-4.75597957162613E-6
300.99999999999994,-4.885577000150238E-6
299.99999999999994,-5.138005040550838E-6
298.99999999999994,-5.283387887828075E-6
297.99999999999994,-5.550994404429612E-6
296.99999999999994,-5.713374438225278E-6
295.99999999999994,-5.997452107486386E-6
294.99999999999994,-6.1781413263584165E-6
293.99999999999994,-6.480085334512797E-6
292.99999999999994,-6.6805039530325905E-6
291.99999999999994,-7.0018204035485225E-6
290.99999999999994,-7.223505491969625E-6
289.99999999999994,-7.565820484447906E-6
288.99999999999994,-7.810435314856829E-6
287.99999999999994,-8.175504750340336E-6
286.99999999999994,-8.444848905609327E-6
285.99999999999994,-8.834569077626455E-6
284.99999999999994,-9.130589384105752E-6
283.99999999999994,-9.547008419482322E-6
282.99999999999994,-9.871810769344712E-6
281.99999999999994,-1.0317140987916715E-5
280.99999999999994,-1.0673003122439965E-5
279.99999999999994,-1.1149634390311932E-5
278.9999999999999,-1.153901972117614E-5
277.9999999999999,-1.2049533878134434E-5
276.9999999999999,-1.2475106430063577E-5
275.9999999999999,-1.3022292878196737E-5
274.9999999999999,-1.3486933443021326E-5
273.9999999999999,-1.4073805990569718E-5
272.9999999999999,-1.4580629590068415E-5
271.9999999999999,-1.5210444652051541E-5
270.9999999999999,-1.5762819414794633E-5
269.9999999999999,-1.643909568010073E-5
268.9999999999999,-1.7040663245999188E-5
267.9999999999999,-1.7767202929407955E-5
266.9999999999999,-1.8421900504840338E-5
265.9999999999999,-1.920281231194536E-5
264.9999999999999,-1.9914896508215446E-5
263.9999999999999,-2.0754620451458763E-5
262.9999999999999,-2.152869305002483E-5
261.9999999999999,-2.2432027265133332E-5
260.9999999999999,-2.3273063064560175E-5
259.9999999999999,-2.4245192788627106E-5
258.9999999999999,-2.5158569700665734E-5
257.9999999999999,-2.6205098586021397E-5
256.9999999999999,-2.719663016163444E-5
255.9999999999999,-2.8323614113596198E-5
254.9999999999999,-2.9399584694244143E-5
253.9999999999999,-3.0613568435864934E-5
252.9999999999999,-3.17807711410108E-5
251.9999999999999,-3.308882772417975E-5
250.9999999999999,-3.435460550283012E-5
249.9999999999999,-3.576437900260378E-5
248.9999999999999,-3.7136668994924695E-5
247.9999999999999,-3.865642064285981E-5
246.9999999999999,-4.014380211754343E-5
245.9999999999999,-4.1782460150196254E-5
244.9999999999999,-4.339420630443333E-5
243.9999999999999,-4.5161419825195126E-5
242.9999999999999,-4.690755375697295E-5
241.9999999999999,-4.881375093311596E-5
240.9999999999999,-5.0705106120197966E-5
239.9999999999999,-5.276155706261823E-5
238.9999999999999,-5.4809842709121136E-5
237.9999999999999,-5.702872740981361E-5
236.9999999999999,-5.924659904996159E-5
235.9999999999999,-6.164108078201393E-5
234.9999999999999,-6.404221656149884E-5
233.9999999999999,-6.662652117843176E-5
232.9999999999999,-6.922570426708322E-5
231.9999999999999,-7.20152058728742E-5
230.9999999999999,-7.482841349817854E-5
229.99999999999986,-7.783972699651193E-5
228.99999999999986,-8.088422662611052E-5
227.99999999999986,-8.413530769743407E-5
226.99999999999986,-8.7429760940305E-5
225.99999999999986,-9.094001403839903E-5
224.99999999999986,-9.450458887914178E-5
223.99999999999986,-9.829498388530724E-5
222.99999999999986,-1.0215147591410858E-4
221.99999999999986,-1.062446741370281E-4
220.99999999999986,-1.1041663748967141E-4
219.99999999999986,-1.1483712775266791E-4
218.99999999999986,-1.1935001653063442E-4
217.99999999999986,-1.2412426214582442E-4
216.99999999999986,-1.290055831463884E-4
215.99999999999986,-1.3416218063725874E-4
214.99999999999986,-1.3944165828781052E-4
213.99999999999986,-1.4501150878839733E-4
212.99999999999986,-1.5072126324826743E-4
211.99999999999986,-1.5673775757869116E-4
210.99999999999986,-1.6291249704590747E-4
209.99999999999986,-1.6941171554077475E-4
208.99999999999986,-1.7608894388071686E-4
207.99999999999986,-1.831098721293052E-4
206.99999999999986,-1.903301130274166E-4
205.99999999999986,-1.9791487477274197E-4
204.99999999999986,-2.0572191370492088E-4
203.99999999999986,-2.1391602224335145E-4
202.99999999999986,-2.2235716765531282E-4
201.99999999999986,-2.312097971795589E-4
200.99999999999986,-2.403361623711305E-4
199.99999999999986,-2.499004408075553E-4
198.99999999999983,-2.5976724812963315E-4
197.99999999999983,-2.701005731363721E-4
196.99999999999983,-2.8076748222768846E-4
195.99999999999983,-2.919318621434088E-4
194.99999999999983,-3.0346332406151934E-4
193.99999999999983,-3.1552574572601277E-4
192.99999999999983,-3.279913849625822E-4
191.99999999999983,-3.410242104703564E-4
190.99999999999983,-3.5449923698509993E-4
189.99999999999983,-3.6858063158195755E-4
188.99999999999983,-3.8314628514299397E-4
187.99999999999983,-3.983606786333971E-4
186.99999999999983,-4.1410470791429586E-4
185.99999999999983,-4.305432921148614E-4
184.99999999999983,-4.475604711709294E-4
183.99999999999983,-4.6532173612231684E-4
182.99999999999983,-4.837144210507112E-4
181.99999999999983,-5.029047328872582E-4
180.99999999999983,-5.227834616672266E-4
179.99999999999983,-5.43517685240375E-4
178.99999999999983,-5.650018239519261E-4
177.99999999999983,-5.874039935103779E-4
176.99999999999983,-6.10622432341279E-4
175.99999999999983,-6.348264737872858E-4
174.99999999999983,-6.599183764596012E-4
173.99999999999983,-6.86068884926853E-4
172.99999999999983,-7.131844954047677E-4
171.99999999999983,-7.414375721381856E-4
170.99999999999983,-7.707390827181113E-4
169.99999999999983,-8.01263235478982E-4
168.99999999999983,-8.329257206095191E-4
167.99999999999983,-8.65902832079899E-4
166.99999999999983,-9.001152525129296E-4
165.9999999999998,-9.357416214289009E-4
164.9999999999998,-9.727079035611868E-4
163.9999999999998,-0.0010111953635648994
162.9999999999998,-0.0010511355590907263
161.9999999999998,-0.0010927126805529072
160.9999999999998,-0.0011358642118099718
159.9999999999998,-0.001180777592134818
158.9999999999998,-0.00122739658878431
157.9999999999998,-0.0012759122369649717
156.9999999999998,-0.001326274969898407
155.9999999999998,-0.0013786797913377053
154.9999999999998,-0.0014330842099439798
153.9999999999998,-0.0014896875977877238
152.9999999999998,-0.0015484549769363366
151.9999999999998,-0.0016095905163782827
150.9999999999998,-0.0016730672196736474
149.9999999999998,-0.0017390945118746681
148.9999999999998,-0.001807653877902305
147.9999999999998,-0.0018789604903122837
146.9999999999998,-0.001953004848721235
145.9999999999998,-0.002030008398690155
144.9999999999998,-0.002109971223024639
143.9999999999998,-0.00219312160162592
142.9999999999998,-0.0022794698058208507
141.9999999999998,-0.0023692515487712023
140.9999999999998,-0.002462487934141581
139.9999999999998,-0.0025594227465689594
138.9999999999998,-0.002660088605937918
137.9999999999998,-0.0027647380475023073
136.9999999999998,-0.0028734159327990527
135.9999999999998,-0.0029863842692876754
134.99999999999977,-0.0031037009284844005
133.99999999999977,-0.003225638155452719
132.99999999999977,-0.0033522676440665713
131.99999999999977,-0.0034838726873515006
130.99999999999977,-0.0036205396588799114
129.99999999999977,-0.0037625637558329154
128.99999999999977,-0.003910046934380656
127.99999999999979,-0.004063297198415599
126.99999999999977,-0.004222433035365021
125.99999999999977,-0.004387776204842008
124.99999999999977,-0.004559462719663982
123.99999999999977,-0.004737829090181951
122.99999999999977,-0.004923029893327111
121.99999999999977,-0.005115417430115133
120.99999999999977,-0.0053151659233017946
119.99999999999977,-0.005522644547516157
118.99999999999977,-0.005738048293567476
117.99999999999977,-0.005961764332841547
116.99999999999977,-0.006194009583449535
115.99999999999977,-0.006435190372925187
114.99999999999977,-0.006685546738236848
113.99999999999977,-0.006945505353442432
112.99999999999977,-0.007215330592087837
111.99999999999977,-0.007495470689313189
110.99999999999977,-0.0077862155913235205
109.99999999999976,-0.008088036324482118
108.99999999999976,-0.008401249652361142
107.99999999999976,-0.008726350627601912
106.99999999999976,-0.009063684072519961
105.99999999999976,-0.009413770292947078
104.99999999999976,-0.009776983393482269
103.99999999999976,-0.010153870136141272
102.99999999999976,-0.010544835096101816
101.99999999999976,-0.010950452651768066
100.99999999999976,-0.011371158981256926
99.99999999999976,-0.011807557174417475
98.99999999999976,-0.012260116064349102
97.99999999999976,-0.012729468455985864
96.99999999999976,-0.0132161167806312
95.99999999999976,-0.01372072443991077
94.99999999999974,-0.014243828264661515
93.99999999999974,-0.014786122977356252
92.99999999999974,-0.0153481804297144
91.99999999999974,-0.01593072719109496
90.99999999999974,-0.016534370531917048
89.99999999999974,-0.017159869149995982
88.99999999999974,-0.017807865859306552
87.99999999999974,-0.018479151470781545
86.99999999999974,-0.01917440413815628
85.99999999999974,-0.019894446414366832
84.99999999999974,-0.020639991198215843
83.99999999999974,-0.021411891992197615
82.99999999999974,-0.02221089538559186
81.99999999999974,-0.023037884544309814
80.99999999999974,-0.023893638157817244
79.99999999999974,-0.02477906719646933
78.99999999999974,-0.02569498024146862
77.99999999999973,-0.026642313550169397
76.99999999999973,-0.027621902680194974
75.99999999999973,-0.02863470590838508
74.99999999999973,-0.029681582052354247
73.99999999999973,-0.030763507294200503
72.99999999999973,-0.031881359095310306
71.99999999999973,-0.03303612648172891
70.99999999999973,-0.0342286999410779
69.99999999999973,-0.03546007523270415
68.99999999999973,-0.036731149149351446
67.99999999999973,-0.03804291692198422
66.99999999999973,-0.039396273723552866
65.99999999999973,-0.04079220574587158
64.99999999999973,-0.04223159731864846
63.99999999999972,-0.043715415744159075
62.99999999999972,-0.04524452390191657
61.99999999999972,-0.04681985893628291
60.99999999999972,-0.04844225021598229
59.99999999999972,-0.05011259198041795
58.999999999999716,-0.05183166652392553
57.999999999999716,-0.053600310918588016
56.999999999999716,-0.05541924529591011
55.999999999999716,-0.05728923377752205
54.999999999999716,-0.05921091773202116
53.999999999999716,-0.061184971060251586
52.999999999999716,-0.0632119383125733
51.999999999999716,-0.06529238449244433
50.999999999999716,-0.06742673792942543
49.99999999999971,-0.06961543478358505
48.99999999999971,-0.07185876658208375
47.99999999999971,-0.07415701962735521
46.99999999999971,-0.07651032711999552
45.99999999999971,-0.07891880369548981
44.99999999999971,-0.0813824020730476
43.99999999999971,-0.08390104296841115
42.9999999999997,-0.08647447622675412
41.9999999999997,-0.08910240638222101
40.9999999999997,-0.09178435825230935
39.9999999999997,-0.09451979843745481
38.9999999999997,-0.09730800537354364
37.9999999999997,-0.10014818708601088
36.9999999999997,-0.10303935571515802
35.9999999999997,-0.10598044185765956
34.9999999999997,-0.10897017359482948
33.999999999999694,-0.11200718776873408
32.999999999999694,-0.11508991355498349
31.999999999999694,-0.11821668102930409
30.999999999999694,-0.1213856093322449
29.999999999999694,-0.12459471288350776
28.999999999999694,-0.12784179418460823
27.99999999999969,-0.1311245480310085
26.99999999999969,-0.13444045898880128
25.99999999999969,-0.1377869039374836
24.999999999999687,-0.1411610542369834
23.999999999999687,-0.1445599769058062
22.999999999999687,-0.14798054146447343
21.999999999999687,-0.1514195200143531
20.999999999999687,-0.15487349870266215
19.999999999999684,-0.15833897691679816
18.999999999999684,-0.16181228326501854
17.999999999999684,-0.165289674040522
16.99999999999968,-0.16876725355212724
15.99999999999968,-0.17224107194352992
14.99999999999968,-0.1757070496419629
13.99999999999968,-0.17916107454365465
12.999999999999678,-0.18259893027857158
11.999999999999677,-0.1860163926965607
10.999999999999677,-0.1894091615765363
9.999999999999677,-0.19277295627312768
8.999999999999675,-0.1961034504332817
7.999999999999674,-0.1993963665948125
6.999999999999674,-0.2026474134167083
5.999999999999674,-0.20585237896320788
4.999999999999674,-0.20900706991037035
3.999999999999674,-0.2121074032062328
2.999999999999674,-0.21514934668912233
1.9999999999996738,-0.2181290087894644
0.9999999999996739,-0.22104257998771767
-3.2612801348363973E-13,-0.22388642021881258
-1.0000000000003262,-0.2266570006111325
-2.000000000000326,-0.2293509882713478
-3.0000000000003264,-0.23196518778081876
-4.000000000000326,-0.23449662307632307
-5.000000000000326,-0.23694247823532624
-6.000000000000326,-0.2393001762248546
-7.000000000000326,-0.24156731857962171
-8.000000000000327,-0.2437417608637266
-9.000000000000327,-0.24582155093173483
-10.000000000000329,-0.2478050010316003
-11.000000000000329,-0.24969062443357995
-12.00000000000033,-0.2514772041926493
-13.00000000000033,-0.25316372802823034
-14.000000000000332,-0.2547494538549175
-15.000000000000332,-0.2562338428919534
-16.000000000000334,-0.25761662215700465
-17.000000000000334,-0.2588977158730365
-18.000000000000334,-0.26007730519642314
-19.000000000000338,-0.26115575806600055
-20.000000000000338,-0.26213368650013114
-21.000000000000338,-0.2630118750949613
-22.000000000000338,-0.26379133627248114
-23.00000000000034,-0.2644732376803047
-24.00000000000034,-0.2650589558028511
-25.00000000000034,-0.2655500025424954
-26.00000000000034,-0.2659480776185738
-27.000000000000345,-0.26625499461992835
-28.000000000000345,-0.2664727326124576
-29.000000000000345,-0.26660336194736073
-30.000000000000345,-0.2666490954793098
-31.000000000000348,-0.26661221439532984
-32.00000000000035,-0.26649511941492393
-33.00000000000035,-0.2663002568743197
-34.00000000000035,-0.266030170239981
-35.00000000000035,-0.2656874266449555
-36.00000000000035,-0.2652746690012547
-37.000000000000355,-0.2647945431423089
-38.000000000000355,-0.2642497507706624
-39.000000000000355,-0.2636429773159447
-40.000000000000355,-0.2629769459049023
-41.000000000000355,-0.26225434600030384
-42.000000000000355,-0.2614778885327712
-43.000000000000355,-0.26065023534470294
-44.000000000000355,-0.2597740555794435
-45.00000000000036,-0.25885195591712157
-46.00000000000036,-0.2578865382776796
-47.00000000000036,-0.25688033080351796
-48.00000000000036,-0.2558358468995275
-49.00000000000036,-0.25475551689114656
-50.00000000000036,-0.25364174839716336
-51.00000000000036,-0.2524968585713426
-52.00000000000036,-0.2513231357823299
-53.00000000000037,-0.25012277233224417
-54.00000000000037,-0.2488979274021926
-55.00000000000037,-0.24765066013168782
-56.00000000000037,-0.24638299377757403
-57.00000000000037,-0.2450968490332274
-58.00000000000037,-0.24379410934241447
-59.00000000000037,-0.2424765543363017
-60.00000000000037,-0.24114592624121203
-61.00000000000038,-0.2398038633137709
-62.00000000000038,-0.23845196728196405
-63.00000000000038,-0.23709173666358171
-64.00000000000037,-0.2357246351827355
-65.00000000000038,-0.23435202486344842
-66.00000000000038,-0.23297523536821935
-67.00000000000038,-0.23159549676658092
-68.00000000000038,-0.23021400974783865
-69.00000000000038,-0.22883187797315946
-70.00000000000038,-0.22745017912080065
-71.00000000000038,-0.22606989673937822
-72.00000000000038,-0.22469199209034943
-73.00000000000038,-0.2233173354291931
-74.00000000000038,-0.22194677861632967
-75.00000000000038,-0.22058108576177396
-76.00000000000038,-0.21922100658181434
-77.00000000000038,-0.21786720635109366
-78.00000000000038,-0.21652033998808298
-79.00000000000038,-0.21518098126635798
-80.00000000000038,-0.21384969761708347
-81.0000000000004,-0.2125269785584209
-82.0000000000004,-0.21121331120782427
-83.0000000000004,-0.20990910789499023
-84.0000000000004,-0.20861478238073278
-85.0000000000004,-0.20733067662468044
-86.0000000000004,-0.20605713771084722
-87.0000000000004,-0.20479444374638994
-88.0000000000004,-0.20354288149676492
-89.0000000000004,-0.2023026713963282
-90.0000000000004,-0.20107404589818512
-91.0000000000004,-0.19985717358129615
-92.0000000000004,-0.1986522382218382
-93.0000000000004,-0.19745936198482075
-94.0000000000004,-0.19627868522504244
-95.0000000000004,-0.1951102887540741
-96.0000000000004,-0.19395427437976245
-97.00000000000041,-0.19281068624186207
-98.00000000000041,-0.1916795920995616
-99.00000000000041,-0.19056100373109727
-100.00000000000041,-0.18945495897900846
-101.00000000000041,-0.18836144121078457
-102.00000000000041,-0.18728046213154795
-103.00000000000041,-0.18621198030423164
-104.00000000000041,-0.18515598473916633
-105.00000000000041,-0.18411241247349866
-106.00000000000041,-0.18308123294677933
-107.00000000000041,-0.18206236464033854
-108.00000000000041,-0.18105576024746398
-109.00000000000041,-0.18006132237429592
-110.00000000000041,-0.17907898951257156
-111.00000000000041,-0.17810865080431
-112.00000000000041,-0.17715023282441528
-113.00000000000043,-0.1762036134120196
-114.00000000000043,-0.17526870926949448
-115.00000000000043,-0.17434538886383
-116.00000000000043,-0.17343356084783063
-117.00000000000043,-0.1725330860353381
-118.00000000000043,-0.1716438666495977
-119.00000000000043,-0.17076575737650806
-120.00000000000043,-0.16989865544434207
-121.00000000000043,-0.16904241075953477
-122.00000000000043,-0.16819691682114785
-123.00000000000043,-0.16736201994400007
-124.00000000000043,-0.16653761101047473
-125.00000000000041,-0.1657235337860642
-126.00000000000041,-0.16491967751035078
-127.00000000000041,-0.16412588431027822
-128.00000000000043,-0.16334204263139065
-129.00000000000043,-0.16256799375436964
-130.00000000000043,-0.16180362606689377
-131.00000000000043,-0.16104878068919504
-132.00000000000043,-0.16030334658620568
-133.00000000000043,-0.1595671653080925
-134.00000000000043,-0.15884012694169491
-135.00000000000043,-0.15812207397219
-136.00000000000043,-0.15741289807219314
-137.00000000000043,-0.1567124430908978
-138.00000000000043,-0.156020602678607
-139.00000000000043,-0.15533722240987588
-140.00000000000043,-0.15466219824067542
-141.00000000000043,-0.15399537777224348
-142.00000000000043,-0.153336659537543
-143.00000000000043,-0.15268589341270386
-144.00000000000043,-0.15204298072893124
-145.00000000000043,-0.15140777383859094
-146.00000000000043,-0.15078017704824442
-147.00000000000043,-0.15016004534660063
-148.00000000000043,-0.14954728615390475
-149.00000000000043,-0.14894175721914082
-150.00000000000043,-0.14834336918058352
-151.00000000000043,-0.14775198263979372
-152.00000000000043,-0.14716751152774846
-153.00000000000045,-0.14658981936332544
-154.00000000000045,-0.1460188234190627
-155.00000000000045,-0.1454543901719727
-156.00000000000045,-0.14489644026264117
-157.00000000000045,-0.14434484314635893
-158.00000000000045,-0.1437995228389481
-159.00000000000045,-0.14326035177633636
-160.00000000000045,-0.1427272573402071
-161.00000000000045,-0.14220011493426904
-162.00000000000045,-0.14167885528255575
-163.00000000000045,-0.14116335673076733
-164.00000000000045,-0.1406535533097929
-165.00000000000045,-0.14014932627061902
-166.00000000000045,-0.13965061290541736
-167.00000000000045,-0.13915729732462442
-168.00000000000045,-0.13866932002772442
-169.00000000000045,-0.13818656793120826
-170.00000000000045,-0.13770898468098736
-171.00000000000045,-0.1372364599400362
-172.00000000000045,-0.13676894043419477
-173.00000000000045,-0.13630631850838806
-174.00000000000045,-0.13584854389741588
-175.00000000000045,-0.1353955115597212
-176.00000000000045,-0.1349471741646213
-177.00000000000045,-0.13450342921267347
-178.00000000000045,-0.13406423223066857
-179.00000000000045,-0.13362948318770854
-180.00000000000045,-0.13319914038916936
-181.00000000000045,-0.13277310619766242
-182.00000000000045,-0.13235134161707088
-183.00000000000045,-0.13193375132761884
-184.00000000000045,-0.13152029895099507
-185.00000000000048,-0.1311108914087977
-186.00000000000048,-0.13070549485968183
-187.00000000000048,-0.13030401839048375
-188.00000000000048,-0.12990643061626297
-189.00000000000048,-0.12951264271343943
-190.00000000000048,-0.1291226256735447
-191.00000000000048,-0.12873629268772954
-192.00000000000048,-0.12835361704499254
-193.00000000000048,-0.12797451387743183
-194.00000000000048,-0.12759895869368473
-195.00000000000048,-0.12722686849430534
-196.00000000000048,-0.12685822093112392
-197.00000000000048,-0.1264929348021349
-198.00000000000048,-0.12613098982746676
-199.00000000000048,-0.1257723065331617
-200.00000000000048,-0.12541686663443927
-201.00000000000048,-0.12506459231773764
-202.00000000000048,-0.12471546722195367
-203.00000000000048,-0.12436941512810251
-204.00000000000048,-0.12402642152922025
-205.00000000000048,-0.12368641173697914
-206.00000000000048,-0.1233493730309536
-207.00000000000048,-0.1230152321914995
-208.00000000000048,-0.12268397821910677
-209.00000000000048,-0.12235553930281902
-210.00000000000048,-0.12202990610042166
-211.00000000000048,-0.12170700815164251
-212.00000000000048,-0.1213868377099574
-213.00000000000048,-0.12106932560976984
-214.00000000000048,-0.12075446564065444
-215.00000000000048,-0.12044218987766862
-216.00000000000048,-0.1201324935888972
-217.0000000000005,-0.11982531003799876
-218.0000000000005,-0.1195206359159633
-219.0000000000005,-0.11921840562494114
-220.0000000000005,-0.11891861722517941
-221.0000000000005,-0.11862120620912282
-222.0000000000005,-0.11832617195455172
-223.0000000000005,-0.11803345099788258
-224.0000000000005,-0.1177430439845915
-225.0000000000005,-0.11745488845057706
-226.0000000000005,-0.11716898626101907
-227.0000000000005,-0.11688527590859675
-228.0000000000005,-0.11660376043200206
-229.0000000000005,-0.11632437923973377
-230.0000000000005,-0.11604713649955722
-231.0000000000005,-0.11577197249652083
-232.0000000000005,-0.11549889248472885
-233.0000000000005,-0.11522783758814896
-234.0000000000005,-0.11495881410614311
-235.0000000000005,-0.11469176396555582
-236.0000000000005,-0.11442669447152785
-237.0000000000005,-0.11416354831927303
-238.0000000000005,-0.11390233378178251
-239.0000000000005,-0.1136429942896139
-240.0000000000005,-0.11338553904717956
-241.0000000000005,-0.11312991218878429
-242.0000000000005,-0.11287612381527924
-243.0000000000005,-0.11262411873449744
-244.0000000000005,-0.11237390791014186
-245.0000000000005,-0.11212543679467968
-246.0000000000005,-0.11187871718242463
-247.0000000000005,-0.11163369514285772
-248.0000000000005,-0.11139038326995765
-249.00000000000054,-0.11114872822382327
-250.0000000000005,-0.1109087433683989
-251.0000000000005,-0.11067037592918076
-252.0000000000005,-0.11043364001157764
-253.0000000000005,-0.11019848338239023
-254.0000000000005,-0.10996492086114262
-255.0000000000005,-0.10973290073292796
-256.0000000000005,-0.1095024385051431
-257.0000000000005,-0.10927348295919699
-258.0000000000005,-0.10904605026517908
-259.0000000000005,-0.10882008967982983
-260.0000000000005,-0.10859561801176962
-261.0000000000005,-0.10837258497303584
-262.0000000000005,-0.10815100798759639
-263.0000000000005,-0.1079308372036588
-264.0000000000005,-0.10771209063829269
-265.0000000000005,-0.10749471885761795
-266.0000000000005,-0.10727874045045867
-267.0000000000005,-0.1070641063834198
-268.0000000000005,-0.10685083579659399
-269.0000000000005,-0.10663888004043758
-270.0000000000005,-0.1064282587866509
-271.0000000000005,-0.1062189237536663
-272.0000000000005,-0.10601089512592149
-273.0000000000005,-0.10580412497467341
-274.0000000000005,-0.10559863397898346
-275.0000000000005,-0.10539437454847368
-276.0000000000005,-0.10519136783943994
-277.0000000000005,-0.10498956658606995
-278.0000000000005,-0.10478899240519887
-279.0000000000005,-0.10458959834241015
-280.0000000000005,-0.10439140645904722
-281.0000000000005,-0.10419437009952091
-282.0000000000005,-0.10399851175428727
-283.0000000000005,-0.10380378505458944
-284.0000000000005,-0.10361021290520896
-285.0000000000005,-0.10341774921277318
-286.0000000000005,-0.10322641728218428
-287.0000000000005,-0.10303617128452715
-288.0000000000005,-0.10284703491117698
-289.0000000000005,-0.10265896258724748
-290.0000000000005,-0.1024719783774716
-291.0000000000005,-0.10228603695103777
-292.0000000000005,-0.10210116273343216
-293.0000000000005,-0.10191731062841533
-294.0000000000005,-0.10173450541011035
-295.0000000000005,-0.10155270220777907
-296.00000000000057,-0.10137192613253178
-297.00000000000057,-0.1011921325304718
-298.00000000000057,-0.10101334683849444
-299.00000000000057,-0.10083552461127605
-300.00000000000057,-0.10065869160072237
-301.00000000000057,-0.10048280356218832
-302.00000000000057,-0.10030788655222482
-303.00000000000057,-0.10013389651932623
-304.00000000000057,-0.09996085981471596
-305.00000000000057,-0.09978873257282794
-306.00000000000057,-0.09961754142995993
-307.00000000000057,-0.09944724269960922
-308.00000000000057,-0.09927786329390893
-309.00000000000057,-0.09910935969885153
-310.00000000000057,-0.09894175909351041
-311.00000000000057,-0.09877501813009866
-312.00000000000057,-0.09860916424606396
-313.00000000000057,-0.0984441542538454
-314.00000000000057,-0.09828001584101421
-315.00000000000057,-0.09811670597450772
-316.00000000000057,-0.09795425258407192
-317.00000000000057,-0.09779261278566868
-318.00000000000057,-0.09763181474355913
-319.00000000000057,-0.09747181571749852
-320.00000000000057,-0.0973126440988804
-321.00000000000057,-0.09715425728625328
-322.00000000000057,-0.09699668389102598
-323.00000000000057,-0.09683988144576013
-324.00000000000057,-0.09668387877501694
-325.00000000000057,-0.09652863354080149
-326.00000000000057,-0.09637417477420772
-327.00000000000057,-0.09622046026231468
-328.00000000000057,-0.09606751923636331
-329.00000000000057,-0.09591530960432773
-330.00000000000057,-0.09576386079143429
-331.00000000000057,-0.09561313082255528
-332.00000000000057,-0.09546314931095563
-333.00000000000057,-0.09531387439458225
-334.00000000000057,-0.09516533586899793
-335.00000000000057,-0.09501749198156627
-336.00000000000057,-0.09487037270460458
-337.00000000000057,-0.09472393639139312
-338.00000000000057,-0.09457821318564999
-339.00000000000057,-0.09443316154322245
-340.00000000000057,-0.09428881177405796
-341.00000000000057,-0.09414512243336437
-342.00000000000057,-0.09400212399232154
-343.00000000000057,-0.09385977510242918
-344.00000000000057,-0.09371810639126947
-345.00000000000057,-0.09357707660369602
-346.00000000000057,-0.09343671651902484
-347.00000000000057,-0.09329698497264952
-348.00000000000057,-0.09315791289110611
-349.00000000000057,-0.09301945919763364
-350.00000000000057,-0.09288165496162261
-351.00000000000057,-0.0927444591915763
-352.00000000000057,-0.09260790309551704
-353.00000000000057,-0.09247194576473962
-354.00000000000057,-0.09233661854181247
-355.00000000000057,-0.09220188059845291
-356.00000000000057,-0.09206776340782115
-357.00000000000057,-0.09193422621978702
-358.00000000000057,-0.09180130063427532
-359.00000000000057,-0.09166894597713197
-360.0000000000006,-0.09153719397134118
-361.0000000000006,-0.09140600401663916
-362.0000000000006,-0.09127540795548113
-363.0000000000006,-0.09114536525949378
-364.0000000000006,-0.09101590788712773
-365.0000000000006,-0.09088699537998263
-366.0000000000006,-0.09075865980913739
-367.0000000000006,-0.09063086078432542
-368.0000000000006,-0.09050363048599137
-369.0000000000006,-0.09037692859023838
-370.0000000000006,-0.09025078738371442
-371.0000000000006,-0.0901251666072003
-372.0000000000006,-0.09000009865048175
-373.0000000000006,-0.08987554331739325
-374.0000000000006,-0.08975153309788655
-375.0000000000006,-0.08962802785729118
-376.0000000000006,-0.08950506018284221
-377.0000000000006,-0.08938258999986909
-378.0000000000006,-0.08926064999009398
-379.0000000000006,-0.08913920013741061
-380.0000000000006,-0.08901827321531554
-381.0000000000006,-0.08889782926488816
-382.0000000000006,-0.08877790114876742
-383.0000000000006,-0.08865844896389471
-384.0000000000006,-0.08853950565949642
-385.0000000000006,-0.08842103138710464
-386.0000000000006,-0.08830305918005332
-387.0000000000006,-0.08818554924324398
-388.0000000000006,-0.08806853469171019
-389.0000000000006,-0.08795197578254974
-390.0000000000006,-0.08783590571015724
-391.0000000000006,-0.08772028478269969
-392.0000000000006,-0.08760514627166138
-393.0000000000006,-0.08749045053519491
-394.0000000000006,-0.08737623091966804
-395.0000000000006,-0.08726244783217754
-396.0000000000006,-0.08714913469183067
-397.0000000000006,-0.08703625195366735
-398.0000000000006,-0.08692383310745071
-399.0000000000006,-0.08681183865520138
-400.0000000000006,-0.08670030215531326
-399.0000000000006,-0.08658849902101903
-398.0000000000006,-0.08647783429703415
-397.0000000000006,-0.08636723958631405
-396.0000000000006,-0.08625743395913019
-395.0000000000006,-0.08614777817111004
-394.0000000000006,-0.08603881986750206
-393.0000000000006,-0.08593004854814765
-392.0000000000006,-0.08582192616834969
-391.0000000000006,-0.08571401198109072
-390.0000000000006,-0.08560671440080253
-389.0000000000006,-0.08549963830416761
-388.0000000000006,-0.08539315463807817
-387.0000000000006,-0.08528690116887201
-386.0000000000006,-0.08518122075104205
-385.0000000000006,-0.08507577633347148
-384.0000000000006,-0.08497088870432079
-383.0000000000006,-0.08486624090595543
-382.0000000000006,-0.08476213580243164
-381.0000000000006,-0.08465827295894504
-380.0000000000006,-0.0845549403064524
-379.0000000000006,-0.08445185131262188
-378.0000000000006,-0.08434928121802836
-377.0000000000006,-0.08424695540205042
-376.0000000000006,-0.08414513814740839
-375.0000000000006,-0.0840435651904665
-374.0000000000006,-0.08394249122723677
-373.0000000000006,-0.08384166110926256
-372.0000000000006,-0.08374132105290956
-371.0000000000006,-0.0836412240143103
-370.0000000000006,-0.0835416086391835
-369.0000000000006,-0.08344223515272879
-368.0000000000006,-0.08334333538717004
-367.0000000000006,-0.08324467613658271
-366.0000000000006,-0.08314648305821602
-365.0000000000006,-0.08304852892132632
-364.0000000000006,-0.08295103375249845
-363.0000000000006,-0.08285377578758867
-362.0000000000006,-0.08275696989093449
-361.0000000000006,-0.08266039932536727
-360.0000000000006,-0.08256427419947865
-359.00000000000057,-0.0824683824199938
-358.00000000000057,-0.08237292969517486
-357.00000000000057,-0.08227770823942479
-356.00000000000057,-0.0821829196735183
-355.00000000000057,-0.08208836022253889
-354.00000000000057,-0.08199422769680989
-353.00000000000057,-0.0819003220682042
-352.00000000000057,-0.08180683758326786
-351.00000000000057,-0.08171357772493952
-350.00000000000057,-0.08162073339672174
-349.00000000000057,-0.0815281113810335
-348.00000000000057,-0.08143589943675285
-347.00000000000057,-0.08134390745501459
-346.00000000000057,-0.0812523202291742
-345.00000000000057,-0.08116095058638598
-344.00000000000057,-0.08106998051676438
-343.00000000000057,-0.0809792256265537
-342.00000000000057,-0.08088886525018356
-341.00000000000057,-0.08079871762988765
-340.00000000000057,-0.0807089595790111
-339.00000000000057,-0.08061941184486347
-338.00000000000057,-0.0805302488428527
-337.00000000000057,-0.08044129370523775
-336.00000000000057,-0.08035271856246828
-335.00000000000057,-0.08026434882121433
-334.00000000000057,-0.08017635443087953
-333.00000000000057,-0.08008856297056106
-332.00000000000057,-0.08000114230441452
-331.00000000000057,-0.07991392208963949
-330.00000000000057,-0.0798270681936518
-329.00000000000057,-0.07974041226430946
-328.00000000000057,-0.07965411825422507
-327.00000000000057,-0.07956801972067211
-326.00000000000057,-0.07948227877745168
-325.00000000000057,-0.07939673081561394
-324.00000000000057,-0.07931153618074549
-323.00000000000057,-0.07922653202711366
-322.00000000000057,-0.07914187699777687
-321.00000000000057,-0.07905740994427424
-320.00000000000057,-0.07897328786833847
-319.00000000000057,-0.0788893512570377
-318.00000000000057,-0.07880575552787572
-317.00000000000057,-0.07872234274554246
-316.00000000000057,-0.07863926679663877
-315.00000000000057,-0.07855637126907741
-314.00000000000057,-0.07847380856840971
-313.00000000000057,-0.07839142375458678
-312.00000000000057,-0.07830936779875694
-311.00000000000057,-0.0782274871846756
-310.00000000000057,-0.0781459314927651
-309.00000000000057,-0.07806454858506334
-308.00000000000057,-0.07798348669218631
-307.00000000000057,-0.07790259501142931
-306.00000000000057,-0.07782202046195423
-305.00000000000057,-0.07774161353558982
-304.00000000000057,-0.0776615198759987
-303.00000000000057,-0.07758159123094256
-302.00000000000057,-0.07750197200229467
-301.00000000000057,-0.07742251515710957
-300.00000000000057,-0.0773433638870733
-299.00000000000057,-0.07726437234370474
-298.00000000000057,-0.07718568253811944
-297.00000000000057,-0.07710714977314637
-296.00000000000057,-0.07702891490707225
-295.0000000000005,-0.07695083436242976
-294.0000000000005,-0.07687304787064118
-293.0000000000005,-0.07679541294376736
-292.0000000000005,-0.07671806821064159
-291.0000000000005,-0.07664087224399854
-290.0000000000005,-0.07656396259274738
-289.0000000000005,-0.07648719886266202
-288.0000000000005,-0.07641071754385079
-287.0000000000005,-0.0763343792486164
-286.0000000000005,-0.0762583194279096
-285.0000000000005,-0.07618239967508568
-284.0000000000005,-0.07610675442015431
-283.0000000000005,-0.07603124621299613
-282.0000000000005,-0.07595600847951643
-281.0000000000005,-0.07588090470246182
-280.0000000000005,-0.07580606731912924
-279.0000000000005,-0.07573136072226261
-278.0000000000005,-0.07565691637474001
-277.0000000000005,-0.07558259955714948
-276.0000000000005,-0.07550854077086043
-275.0000000000005,-0.07543460616279563
-274.0000000000005,-0.07536092528446837
-273.0000000000005,-0.07528736512819992
-272.0000000000005,-0.07521405430605856
-271.0000000000005,-0.07514086063533242
-270.0000000000005,-0.07506791179782499
-269.0000000000005,-0.07499507641579622
-268.0000000000005,-0.07492248124873953
-267.0000000000005,-0.07484999570426118
-266.0000000000005,-0.07477774562627353
-265.0000000000005,-0.07470560118840582
-264.0000000000005,-0.07463368732448804
-263.0000000000005,-0.07456187495508347
-262.0000000000005,-0.0744902881081974
-261.0000000000005,-0.07441879843240498
-260.0000000000005,-0.07434752905288744
-259.0000000000005,-0.07427635232740701
-258.0000000000005,-0.0742053904800435
-257.0000000000005,-0.07413451655894798
-256.0000000000005,-0.07406385188751682
-255.0000000000005,-0.0739932701854455
-254.0000000000005,-0.07392289187452811
-253.0000000000005,-0.07385259132703852
-252.0000000000005,-0.07378248806087505
-251.0000000000005,-0.07371245708172437
-250.0000000000005,-0.07364261699987662
-249.0000000000005,-0.07357284343498495
-248.0000000000005,-0.07350325408454945
-247.00000000000048,-0.0734337251623777
-246.00000000000048,-0.07336437344647166
-245.00000000000048,-0.07329507572452619
-244.00000000000048,-0.07322594784674666
-243.00000000000048,-0.07315686715389912
-242.00000000000048,-0.07308794855843251
-241.00000000000048,-0.07301906993271945
-240.00000000000048,-0.07295034523975252
-239.00000000000048,-0.07288165286129224
-238.00000000000048,-0.07281310579734819
-237.00000000000048,-0.07274458291598432
-236.00000000000048,-0.07267619623877809
-235.00000000000048,-0.0726078250960278
-234.00000000000048,-0.07253958051340256
-233.00000000000048,-0.0724713422582545
-232.00000000000048,-0.07240322034072692
-231.00000000000048,-0.0723350949387984
-230.00000000000048,-0.07226707502520285
-229.00000000000048,-0.0721990411607264
-228.00000000000048,-0.07213110125640868
-227.00000000000048,-0.0720631362264778
-226.00000000000048,-0.07199525289344523
-225.00000000000048,-0.07192733249390346
-224.00000000000048,-0.07185948073229284
-223.00000000000048,-0.0717915791346027
-222.00000000000048,-0.07172373225477692
-221.00000000000048,-0.07165582187315325
-220.00000000000048,-0.07158795135768407
-219.00000000000048,-0.07152000270572127
-218.00000000000048,-0.07145207806045785
-217.00000000000048,-0.07138405959642041
-216.00000000000048,-0.07131604818978216
-215.00000000000045,-0.07124792614966326
-214.00000000000045,-0.07117979303922764
-213.00000000000045,-0.0711115312566126
-212.00000000000045,-0.07104323900199849
-211.00000000000045,-0.07097479871369547
-210.00000000000045,-0.07090630717466509
-209.00000000000045,-0.0708376468109855
-208.00000000000045,-0.07076891292960669
-207.00000000000045,-0.07069998788809391
-206.00000000000045,-0.07063096545371532
-205.00000000000045,-0.07056172785502836
-204.00000000000045,-0.0704923672507273
-203.00000000000045,-0.07042276567528924
-202.00000000000045,-0.07035301360434977
-201.00000000000045,-0.07028299280826539
-200.00000000000045,-0.07021279199913769
-199.00000000000045,-0.07014229260777512
-198.00000000000045,-0.0700715814958508
-197.00000000000045,-0.07000053967336088
-196.00000000000045,-0.06992925205777752
-195.00000000000045,-0.06985759915070007
-194.00000000000045,-0.06978566382425569
-193.00000000000045,-0.06971332597722459
-192.00000000000045,-0.0696406663273451
-191.00000000000045,-0.0695675640687624
-190.00000000000045,-0.06949409764731555
-189.00000000000045,-0.06942014544271091
-188.00000000000045,-0.06934578350230429
-187.00000000000045,-0.06927088927293464
-186.00000000000045,-0.06919553626716785
-185.00000000000045,-0.06911960087124092
-184.00000000000045,-0.06904315391620665
-183.00000000000043,-0.06896607058993136
-182.00000000000043,-0.06888841888407386
-181.00000000000043,-0.0688100726395489
-180.00000000000043,-0.06873109683879267
-179.00000000000043,-0.0686513638155458
-178.00000000000043,-0.06857093536040222
-177.00000000000043,-0.06848968212718061
-176.00000000000043,-0.06840766251832536
-175.00000000000043,-0.06832474532151903
-174.00000000000043,-0.06824098534010864
-173.00000000000043,-0.06815624929495981
-172.00000000000043,-0.06807058816372248
-171.00000000000043,-0.06798386638423728
-170.00000000000043,-0.06789613086513287
-169.00000000000043,-0.06780724352836574
-168.00000000000043,-0.06771724695236182
-167.00000000000043,-0.06762600029249421
-166.00000000000043,-0.06753354151675084
-165.00000000000043,-0.06743972674412907
-164.00000000000043,-0.06734458903162974
-163.00000000000043,-0.06724798117166891
-162.00000000000043,-0.06714993098807469
-161.00000000000043,-0.06705028763467874
-160.00000000000043,-0.06694907335692818
-159.00000000000043,-0.06684613333481966
-158.00000000000043,-0.06674148386574306
-157.00000000000043,-0.0666349657958508
-156.00000000000043,-0.06652658907882693
-155.00000000000043,-0.06641618984064251
-154.00000000000043,-0.06630377126809797
-153.00000000000043,-0.06618916435269526
-152.00000000000043,-0.06607236506204085
-151.0000000000004,-0.06595319880926019
-150.0000000000004,-0.06583165385968094
-149.0000000000004,-0.06570754957282013
-148.0000000000004,-0.06558086599619757
-147.0000000000004,-0.06545141592743534
-146.0000000000004,-0.06531917064658949
-145.0000000000004,-0.06518393584630722
-144.0000000000004,-0.06504567345371796
-143.0000000000004,-0.06490418147689239
-142.0000000000004,-0.06475941186710815
-141.0000000000004,-0.064611154330041
-140.0000000000004,-0.06445935017912552
-139.0000000000004,-0.0643037801599745
-138.0000000000004,-0.06414437424559973
-137.0000000000004,-0.06398090352249736
-136.0000000000004,-0.06381328587868688
-135.0000000000004,-0.06364128199971045
-134.0000000000004,-0.06346479690079995
-133.0000000000004,-0.06328358008071228
-132.0000000000004,-0.06309752284985337
-131.0000000000004,-0.06290636268940587
-130.0000000000004,-0.06270997632793367
-129.0000000000004,-0.06250808835264894
-128.0000000000004,-0.062300559987902494
-127.00000000000038,-0.062087102004678436
-126.00000000000038,-0.06186755915545479
-125.00000000000038,-0.061641627427103676
-124.00000000000038,-0.06140913408789243
-123.00000000000038,-0.06116975932790456
-122.00000000000038,-0.060923311875453176
-121.00000000000038,-0.060669455067919806
-120.00000000000038,-0.06040797799658218
-119.00000000000038,-0.06013852604939433
-118.00000000000038,-0.059860867545197614
-117.00000000000038,-0.059574628788436924
-116.00000000000038,-0.05927955615593902
-115.00000000000038,-0.05897525570187834
-114.00000000000038,-0.05866145066277743
-113.00000000000038,-0.058337725649205904
-112.00000000000038,-0.0580037795373955
-111.00000000000037,-0.05765917428217971
-110.00000000000037,-0.057303583166627974
-109.00000000000037,-0.05693654426861864
-108.00000000000037,-0.05655770404319345
-107.00000000000037,-0.05616657547290847
-106.00000000000037,-0.05576277696119385
-105.00000000000037,-0.055345795194258994
-104.00000000000037,-0.0549152193276238
-103.00000000000037,-0.0544705085848651
-102.00000000000037,-0.054011221723670136
-101.00000000000037,-0.0535367893941226
-100.00000000000037,-0.053046738875110314
-99.00000000000037,-0.05254047121216544
-98.00000000000037,-0.052017481219847235
-97.00000000000037,-0.051477139416383766
-96.00000000000037,-0.050918907292734836
-95.00000000000036,-0.050342124058444904
-94.00000000000036,-0.04974621718346816
-93.00000000000036,-0.049130493966742246
-92.00000000000036,-0.04849434736251136
-91.00000000000036,-0.04783705238017508
-90.00000000000036,-0.04715796721276299
-89.00000000000036,-0.04645633447360644
-88.00000000000036,-0.045731477650768064
-87.00000000000036,-0.0449826071830281
-86.00000000000036,-0.044209012270426756
-85.00000000000036,-0.04340987178894241
-84.00000000000036,-0.042584441493813956
-83.00000000000036,-0.041731869769104944
-82.00000000000036,-0.04085138026708917
-81.00000000000036,-0.0399420924856091
-80.00000000000036,-0.03900319989346025
-79.00000000000034,-0.03803379532504263
-78.00000000000034,-0.03703304464827288
-77.00000000000034,-0.03600001696243878
-76.00000000000034,-0.03493385387161383
-75.00000000000034,-0.03383360446779063
-74.00000000000034,-0.03269839027893876
-73.00000000000034,-0.03152724501533423
-72.00000000000034,-0.030319275267158316
-71.00000000000034,-0.029073504987341577
-70.00000000000034,-0.027789032018782727
-69.00000000000034,-0.0264648772818805
-68.00000000000034,-0.025100137215865057
-67.00000000000034,-0.023693837633350607
-66.00000000000034,-0.02224508216371912
-65.00000000000034,-0.020752910730331267
-64.00000000000034,-0.019216444086168023
-63.000000000000334,-0.017634746861596953
-62.000000000000334,-0.016006968283328905
-61.000000000000334,-0.014332209731686781
-60.000000000000334,-0.012609661733116407
-59.00000000000033,-0.010838475955554549
-58.00000000000033,-0.009017898562034084
-57.00000000000033,-0.007147146560808258
-56.00000000000033,-0.00522553760280142
-55.00000000000033,-0.0032523705894716127
-54.00000000000033,-0.001227051989807791
-53.00000000000033,8.510194065925174E-4
-52.00000000000033,0.002982329586718494
-51.00000000000032,0.0051673605457411426
-50.00000000000032,0.007406470743972486
-49.00000000000032,0.009700002472207614
-48.00000000000032,0.012048165628156979
-47.00000000000032,0.01445114138541591
-46.00000000000032,0.01690896926529834
-45.00000000000032,0.019421647301404787
-44.00000000000032,0.021989022400688712
-43.00000000000031,0.024610887218444028
-42.00000000000031,0.02728687382141724
-41.00000000000031,0.030016547510952365
-40.00000000000031,0.032799303820196135
-39.00000000000031,0.035634459545187035
-38.00000000000031,0.038521153126673285
-37.00000000000031,0.04145843316896897
-36.00000000000031,0.044445162273384874
-35.000000000000306,0.04748010334136035
-34.000000000000306,0.050561826939572375
-33.000000000000306,0.05368879569574966
-32.000000000000306,0.05685927528362151
-31.000000000000306,0.06007141722535449
-30.000000000000306,0.0633231735860901
-29.000000000000302,0.06661237849457861
-28.000000000000302,0.06993666663061572
-27.000000000000302,0.07329355376379193
-26.000000000000302,0.07668035910137973
-25.0000000000003,0.08009428512305976
-24.0000000000003,0.08353234383077499
-23.0000000000003,0.08699143612415379
-22.0000000000003,0.0904682819571022
-21.000000000000295,0.09395949945432196
-20.000000000000295,0.09746153893215842
-19.000000000000295,0.10097076190171554
-18.000000000000295,0.10448337885469956
-17.00000000000029,0.10799552823458773
-16.00000000000029,0.11150321782369733
-15.000000000000291,0.11500240369293781
-14.00000000000029,0.118488934956737
-13.00000000000029,0.12195863263715749
-12.000000000000288,0.12540723748202234
-11.000000000000288,0.12883048860436438
-10.000000000000286,0.13222407399008654
-9.000000000000286,0.1355837087030594
-8.000000000000284,0.13890508764625517
-7.000000000000284,0.14218396306074424
-6.000000000000284,0.14541609905279113
-5.000000000000284,0.14859734806576008
-4.000000000000284,0.15172360664917978
-3.0000000000002847,0.15479089054991113
-2.0000000000002847,0.15779529118094138
-1.0000000000002844,0.16073304896491888
-2.8449465006019636E-13,0.16360050996271466
0.9999999999997156,0.16639419711023123
1.9999999999997156,0.16911076649049317
2.999999999999716,0.17174707613376494
3.999999999999716,0.17430014146156356
4.999999999999716,0.17676720136932073
5.999999999999716,0.17914567243427088
6.999999999999716,0.1814332120664785
7.999999999999716,0.1836276711516814
8.999999999999716,0.18572715413656354
9.999999999999718,0.18772996986785961
10.999999999999718,0.18963468856644733
11.99999999999972,0.19144009072018256
12.99999999999972,0.19314522099332482
13.999999999999721,0.1947493351271981
14.999999999999721,0.19625195092121858
15.999999999999723,0.19765279318724674
16.999999999999723,0.19895184202100566
17.999999999999723,0.20014927593812432
18.999999999999726,0.20124551772570182
19.999999999999726,0.20224117595676666
20.999999999999726,0.20313708876786024
21.999999999999726,0.2039342640012522
22.99999999999973,0.20463392129368793
23.99999999999973,0.2052374311307885
24.99999999999973,0.2057463556537491
25.99999999999973,0.2061623869277731
26.999999999999734,0.20648738687796078
27.999999999999734,0.20672332507436594
28.999999999999734,0.2068723181970487
29.999999999999734,0.2069365676262955
30.999999999999737,0.20691839881212756
31.999999999999737,0.20682019893197096
32.99999999999974,0.2066444565045952
33.99999999999974,0.20639369934204327
34.99999999999974,0.20607053470509892
35.99999999999974,0.20567758773466613
36.999999999999744,0.20521754239848344
37.999999999999744,0.20469308054236482
38.999999999999744,0.20410692382885584
39.999999999999744,0.20346177350348524
40.999999999999744,0.20276035347786872
41.999999999999744,0.20200535086264237
42.999999999999744,0.20119946030217778
43.999999999999744,0.2003453252859338
44.99999999999975,0.19944558380095723
45.99999999999975,0.19850281039825152
46.99999999999975,0.19751956319358818
47.99999999999975,0.19649832663591424
48.99999999999975,0.1954415598572223
49.99999999999975,0.19435164006630865
50.99999999999975,0.19323091222467995
51.99999999999975,0.19208163297109618
52.99999999999976,0.19090602158250808
53.99999999999976,0.18970620432244728
54.99999999999976,0.1884842666333715
55.99999999999976,0.18724219779455267
56.99999999999976,0.18598194428434756
57.99999999999976,0.1847053546301467
58.99999999999976,0.1834142338752689
59.99999999999976,0.18211028850406452
60.999999999999766,0.18079518194764346
61.999999999999766,0.17947047947062617
62.999999999999766,0.17813770465204584
63.999999999999766,0.1767982841258354
64.99999999999977,0.17545360497732754
65.99999999999977,0.17410495923671648
66.99999999999977,0.17275360213701996
67.99999999999977,0.1714006962679227
68.99999999999977,0.1700473706473369
69.99999999999977,0.16869466445175463
70.99999999999977,0.16734358686023185
71.99999999999977,0.16599506028625927
72.99999999999977,0.1646499809597616
73.99999999999977,0.16330916159424502
74.99999999999977,0.1619733926789868
75.99999999999977,0.16064338452360968
76.99999999999977,0.1593198292388404
77.99999999999977,0.15800334210854922
78.99999999999977,0.15669452424315025
79.99999999999977,0.15539390323641664
80.99999999999979,0.15410199648070538
81.99999999999979,0.1528192510724656
82.99999999999979,0.15154610778295613
83.99999999999979,0.1502829401822827
84.99999999999979,0.14903011926312623
85.99999999999979,0.14778795175839288
86.99999999999979,0.14655674541870378
87.99999999999979,0.1453367465033314
88.99999999999979,0.1441282057148614
89.99999999999979,0.1429313148470696
90.99999999999979,0.14174627338228377
91.99999999999979,0.1405732242832778
92.99999999999979,0.1394123212604995
93.99999999999979,0.13826366369797363
94.99999999999979,0.13712736459875982
95.99999999999979,0.13600348463733344
96.9999999999998,0.13489210079245714
97.9999999999998,0.1337932395205834
98.9999999999998,0.13270694608582576
99.9999999999998,0.13163321685065865
100.9999999999998,0.13057206931289964
101.9999999999998,0.1295234735114203
102.9999999999998,0.1284874227800465
103.9999999999998,0.12746386426718667
104.9999999999998,0.12645277041635947
105.9999999999998,0.12545406859963038
106.9999999999998,0.12446771333412801
107.9999999999998,0.12349361502998822
108.9999999999998,0.12253171295175429
109.9999999999998,0.12158190308219081
110.9999999999998,0.12064411183690407
111.9999999999998,0.11971822304593745
112.99999999999982,0.11880415242931798
113.99999999999982,0.11790177369879976
114.99999999999982,0.1170109938013679
115.99999999999982,0.11613167814387106
116.99999999999982,0.11526372661080836
117.99999999999982,0.11440699791491263
118.99999999999982,0.11356138639481764
119.99999999999982,0.11272674549492796
120.99999999999982,0.11190296534783106
121.99999999999982,0.11108989538702782
122.99999999999982,0.11028742271822543
123.99999999999982,0.10949539386871272
124.99999999999982,0.1087136939509505
125.9999999999998,0.10794216755256751
126.9999999999998,0.10718069869496233
127.99999999999982,0.10642913086807008
128.9999999999998,0.10568734778600843
129.9999999999998,0.10495519257093289
130.9999999999998,0.10423254930709672
131.9999999999998,0.10351926137827326
132.9999999999998,0.10281521382096573
133.9999999999998,0.10212025082002946
134.9999999999998,0.10143425886115925
135.99999999999983,0.10075708338949607
136.99999999999983,0.1000886127609418
137.99999999999983,0.09942869406868282
138.99999999999983,0.09877721789232985
139.99999999999983,0.09813403329744225
140.99999999999983,0.09749903338096493
141.99999999999983,0.09687206944898498
142.99999999999983,0.09625303735644375
143.99999999999983,0.0956417908685023
144.99999999999983,0.09503822879204026
145.99999999999983,0.09444220752615205
146.99999999999983,0.09385362898250202
147.99999999999983,0.09327235233061937
148.99999999999983,0.09269828270376293
149.99999999999983,0.09213128214482541
150.99999999999983,0.0915712590939726
151.99999999999983,0.09101807854110681
152.99999999999983,0.09047165229118011
153.99999999999983,0.08993184832930581
154.99999999999983,0.08939858185930112
155.99999999999983,0.08887172388767263
156.99999999999983,0.08835119303062329
157.99999999999983,0.08783686332326841
158.99999999999983,0.08732865679004466
159.99999999999983,0.08682645048564053
160.99999999999983,0.08633016982346584
161.99999999999983,0.08583969485490614
162.99999999999983,0.08535495435025035
163.99999999999983,0.08487583132299875
164.99999999999983,0.08440225785740628
165.99999999999983,0.08393411988468702
166.99999999999983,0.08347135275110822
167.99999999999986,0.0830138452530437
168.99999999999986,0.0825615359393468
169.99999999999986,0.08211431641230967
170.99999999999986,0.08167212835785227
171.99999999999986,0.08123486611954307
172.99999999999986,0.08080247444996605
173.99999999999986,0.08037485036505082
174.99999999999986,0.0799519416098187
175.99999999999986,0.07953364780035638
176.99999999999986,0.07911991959699578
177.99999999999986,0.0787106591413455
178.99999999999986,0.07830581992982488
179.99999999999986,0.07790530655324206
180.99999999999986,0.07750907526348152
181.99999999999986,0.07711703302318466
182.99999999999986,0.07672913875828122
183.99999999999986,0.07634530172539035
184.99999999999986,0.07596548344278682
185.99999999999986,0.07558959538319751
186.99999999999986,0.0752176015757049
187.99999999999986,0.07484941563166307
188.99999999999986,0.07448500400996504
189.99999999999986,0.07412428238384437
190.99999999999986,0.07376721956186529
191.99999999999986,0.07341373320341409
192.99999999999986,0.07306379438771217
193.99999999999986,0.07271732268583264
194.99999999999986,0.07237429136998715
195.99999999999986,0.07203462184992815
196.99999999999986,0.0716982895147198
197.99999999999986,0.07136521754140604
198.99999999999986,0.0710353833614419
199.9999999999999,0.07070871184952261
200.9999999999999,0.07038518240682576
201.9999999999999,0.07006472153790527
202.9999999999999,0.06974731054287651
203.9999999999999,0.0694328774902825
204.9999999999999,0.06912140551034236
205.9999999999999,0.06881282417169556
206.9999999999999,0.06850711836782918
207.9999999999999,0.06820421910559879
208.9999999999999,0.06790411297695152
209.9999999999999,0.06760673236711132
210.9999999999999,0.06731206550372021
211.9999999999999,0.06702004609256078
212.9999999999999,0.0667306639362505
213.9999999999999,0.06644385400535344
214.9999999999999,0.06615960761878
215.9999999999999,0.06587786095811533
216.9999999999999,0.06559860680189969
217.9999999999999,0.0653217824909722
218.9999999999999,0.06504738220883373
219.9999999999999,0.06477534440577272
220.9999999999999,0.06450566461754345
221.9999999999999,0.06423828235600504
222.9999999999999,0.06397319445838293
223.9999999999999,0.06371034145211278
224.9999999999999,0.06344972142699276
225.9999999999999,0.0631912758818807
226.9999999999999,0.06293500411208763
227.9999999999999,0.06268084854553099
228.9999999999999,0.06242880963776599
229.9999999999999,0.06217883070514864
230.9999999999999,0.061930913319951056
231.99999999999991,0.06168500164803684
232.99999999999991,0.06144109833655809
233.99999999999991,0.06119914836359151
234.99999999999991,0.06095915541097073
235.99999999999991,0.06072106523327434
236.99999999999991,0.06048488250840459
237.99999999999991,0.06025055373325995
238.99999999999991,0.06001808454473111
239.99999999999991,0.05978742214932978
240.99999999999991,0.05955857310733523
241.99999999999991,0.05933148530358714
242.99999999999991,0.059106166187581174
243.99999999999991,0.058882564292568704
244.99999999999991,0.05866068792446549
245.99999999999991,0.05844048623633453
246.99999999999991,0.05822196835904042
247.99999999999991,0.05800508403812297
248.99999999999991,0.05778984319919909
249.99999999999991,0.05757619615416542
250.9999999999999,0.05736415359442053
251.9999999999999,0.05715366637326369
252.9999999999999,0.05694474592008232
253.9999999999999,0.0567373436057421
254.9999999999999,0.056531471570957906
255.9999999999999,0.056327081681396794
256.9999999999999,0.0561241867635258
257.9999999999999,0.05592273915607468
258.9999999999999,0.05572275234672902
259.9999999999999,0.055524179126525276
260.9999999999999,0.05532703362083342
261.9999999999999,0.055131269053180595
262.9999999999999,0.05493690016404498
263.9999999999999,0.05474388059052798
264.9999999999999,0.05455222566655794
265.9999999999999,0.054361889424753944
266.9999999999999,0.054172887771716166
267.9999999999999,0.05398517511834679
268.9999999999999,0.05379876792398207
269.9999999999999,0.05361362096135796
270.9999999999999,0.05342975122341826
271.9999999999999,0.0532471138290335
272.9999999999999,0.05306572628639864
273.9999999999999,0.05288554404553641
274.9999999999999,0.05270658511227609
275.9999999999999,0.052528805253494085
276.9999999999999,0.05235222295574494
277.9999999999999,0.052176794289113114
278.9999999999999,0.052002538204646724
279.99999999999994,0.05182941106261576
280.99999999999994,0.051657432262978156
281.99999999999994,0.05148655844376173
282.99999999999994,0.05131680943887028
283.99999999999994,0.05114814215222891
284.99999999999994,0.05098057683731677
285.99999999999994,0.0508140706526366
286.99999999999994,0.05064864425743981
287.99999999999994,0.05048425505400316
288.99999999999994,0.05032092409409018
289.99999999999994,0.05015860901344015
290.99999999999994,0.04999733124358756
291.99999999999994,0.04983704864389217
292.99999999999994,0.04967778301341507
293.99999999999994,0.049519492425741704
294.99999999999994,0.049362199035690564
295.99999999999994,0.04920586112210461
296.99999999999994,0.049050501184245116
297.99999999999994,0.04889607769765092
298.99999999999994,0.04874261349514629
299.99999999999994,0.048590067240792116
300.99999999999994,0.04843846209051174
301.99999999999994,0.048287756889083926
302.99999999999994,0.04813797510546505
303.99999999999994,0.047989075757699944
304.99999999999994,0.047841082618092716
305.99999999999994,0.047693954870838266
306.99999999999994,0.0475477165822677
307.99999999999994,0.04740232709592979
308.99999999999994,0.04725781076321082
309.99999999999994,0.04711412708052239
310.99999999999994,0.046971300675667745
311.99999999999994,0.04682929119172125
312.99999999999994,0.04668812352458417
313.99999999999994,0.046547757458071014
314.99999999999994,0.046408218148168076
315.99999999999994,0.04626946551377132
316.99999999999994,0.04613152496323203
317.99999999999994,0.04599435654512109
318.99999999999994,0.04585798591271489
319.99999999999994,0.04572237323909299
320.99999999999994,0.04558754441528551
321.99999999999994,0.04545345973394342
322.99999999999994,0.045320145316936435
323.99999999999994,0.04518756157176795
324.99999999999994,0.04505573484447964
325.99999999999994,0.04492462565291647
326.99999999999994,0.04479426056086043
327.99999999999994,0.044664600192185946
328.99999999999994,0.04453567132220972
329.99999999999994,0.044407434676712834
330.99999999999994,0.04427991723655814
331.99999999999994,0.04415307982549101
332.99999999999994,0.04402694962413963
333.99999999999994,0.04390148755044368
334.99999999999994,0.04377672097921508
335.99999999999994,0.043652610918982204
336.99999999999994,0.04352918493335025
337.99999999999994,0.04340640411798714
338.99999999999994,0.04328429622008438
339.99999999999994,0.04316282241914987
340.99999999999994,0.043042010640930335
341.99999999999994,0.0429218221456167
343.0,0.042802285032648366
344.0,0.04268336063987873
345.0,0.04256507723573919
346.0,0.042447396232854984
347.0,0.04233034606410447
348.0,0.042213888214117715
349.0,0.042098051275824486
350.0,0.04198279680321129
351.0,0.04186815354500668
352.0,0.04175408312201831
353.0,0.04164061443465887
354.0,0.04152770916812951
355.0,0.04141539637054474
356.0,0.04130363778917466
357.0,0.04119246261598031
358.0,0.04108183265807468
359.0,0.0409717772475322
360.0,0.040862258249176615
361.0,0.04075330513158024
362.0,0.04064487981523519
363.0,0.040537011901709
364.0,0.04042966336520545
365.0,0.0403228639368935
366.0,0.04021657564281397
367.0,0.04011082834044771
368.0,0.04000558410587627
369.0,0.03990087291970361
370.0,0.03979665690633051
371.0,0.03969296616639197
372.0,0.03958976287095811
373.0,0.03948707723769626
374.0,0.03938487148276418
375.0,0.039283175937952546
376.0,0.039181952862990706
377.0,0.03908123270096999
378.0,0.0389809777537378
379.0,0.03888121857294682
380.0,0.038781917501168654
381.0,0.038683105195958335
382.0,0.038584744039275136
383.0,0.03848686479199464
384.0,0.03838942987418213
385.0,0.038292470147526445
386.0,0.038195948068969456
387.0,0.03809989459857807
388.0,0.0380042722289915
389.0,0.03790911201628871
390.0,0.037814376487674876
391.0,0.037720096792942165
392.0,0.037626235492776265
393.0,0.03753282382844798
394.0,0.037439824393082265
395.0,0.03734726851725626
396.0,0.03725511882553491
397.0,0.03716340673568969
398.0,0.037072094902766556
399.0,0.036981214829677284
400.0,0.03689072920102849